1183501340 31
1183549919 88778
1183587432 197289
1183634758 359269
1183650066 392929
1183654163 473101
1183663407 473109
1183664488 473058
1183720424 477195
1183721297 477195
1183728889 477234
1183810601 477047
1183811142 477056
1183945190 477056
1183946501 476392
1184193508 476402
1184199196 476437
1184339850 476449
1184428968 476449
1184429458 476449
1184430216 476449
1184431745 476453
1184767328 476509
1184845524 476509
1184847904 474563
1185536907 474669
1185583166 475215
1185584902 475223
1187878819 475223
1187880619 475094
1187884995 475099
1187888390 474745
1187957326 474800
1187997850 474532
1188000240 474539
1188040909 471919
1188084618 471941
1188113649 471659
1188161679 471669
1188339013 471565
1188387918 471455
1188389447 471287
1188398415 471287
1188423116 471293
1188559794 471298
1188747945 471327
1188999047 471677
1189556820 471686
1189557450 471702
1189687930 471707
1189719478 471718
1189730380 471724
1189777541 471729
1189849950 471684
1190004436 471333
1190122631 471340
1190132099 471514
1190418213 471518
1190466551 470855
1190466666 470855
1190471000 470882
1190490323 470886
1190804717 469676
1190806213 469680
1190904812 469684
1190909358 469724
1190911564 469737
1190914347 469749
1190946812 469749
1190952584 469758
1190953743 469758
1191018660 469669
1191069979 469695
1191197970 469706
1191204621 469825
1191270938 468558
1191280631 468570
1191345243 468580
1191349660 468591
1191439700 470167
1191543166 470173
1191969745 470016
1191972614 470028
1192029281 470020
1192062882 469951
1192106999 469934
1192135870 469929
1192321656 469858
1192368082 469626
1192368668 469576
1192375231 469603
1192383245 469588
1192383438 469513
1192392614 469296
1192435848 469301
1192456469 462984
1192472391 463665
1192487716 463659
1192488067 463664
1192495514 463669
1192497117 463676
1192559552 463677
1192577116 463691
1192623758 463700
1192671403 463704
1193264752 463716
1193270655 463722
1193888337 463323
1193959463 463327
1193961052 462612
1194118492 462714
1194309808 462721
1194352340 462727
1194567014 462732
1194665758 462739
1194891706 462739
1195246341 462739
1195595518 462746
1195836736 462754
1195996467 462798
1196033933 462803
1196386944 462810
1196569055 462818
1196813773 462834
1196824433 462895
1196825672 462902
1196844089 463079
1196885536 463085
1196890714 463886
1196892953 465523
1196907329 465528
1196921360 465533
1197456727 465627
1197498617 465645
1197559186 465650
1197601176 465655
1197610824 465724
1197612683 465735
1197698635 465635
1197746785 465635
1197747171 465708
1197755628 465666
1197821403 465745
1197991073 465778
1197991266 465785
1198038650 465789
1198040262 465798
1198041677 465809
1198331292 465795
1198351545 465795
1198492183 465821
1198492817 465859
1198888456 466007
1199435442 466083
1199501680 466094
1199714311 466098
1199723281 465978
1199724131 465982
1199771551 466008
1199798505 466046
1199833849 465841
1199866629 465860
1199887441 465880
1199951539 465886
1200040734 465903
1200194779 465913
1200198130 465913
1200238816 465921
1200329373 466394
1200342069 466382
1200389835 466439
1200617775 466448
1200625196 466448
1200668841 466481
1200709924 466486
1200712735 466500
1200713507 466508
1200772095 466512
1200772292 466516
1200776000 466561
1200791868 466563
1200947574 466569
1200950052 466579
1200959261 466587
1200989139 466605
1200990722 466613
1201031769 466630
1201034827 466657
1201119458 466623
1201181279 466677
1201336256 466704
1201336919 466707
1201337519 466713
1201337674 466717
1201337837 466778
1201339235 466802
1201371194 466982
1201407781 467002
1201446233 467009
1201457166 467019
1201460845 467025
1201491675 467030
1201525071 467034
1201536378 467039
1201720679 467120
1201723126 467132
1202083680 467141
1202152824 467146
1202152939 467206
1202330244 467215
1202330552 467332
1202342098 467336
1202561598 467392
1202593228 467387
1202599990 466702
1202873551 466709
1202874178 466714
1202964583 466720
1203024450 466727
1203119303 466759
1203120008 466784
1203448477 466789
1203461236 466796
1203462204 466805
1203616953 466875
1203619253 466883
1203621381 466894
1203623602 466959
1203698592 466313
1203699831 466321
1203961442 466206
1203962328 466139
1203983595 465902
1204018624 465906
1204040540 465912
1204040944 465552
1204056254 465398
1204079740 465402
1204114704 465320
1204503557 465326
1204566997 465055
1204900173 465069
1204901449 465074
1205327673 464802
1205796459 464802
1205797029 464847
1205887662 464841
1206497390 466966
1206538816 466931
1206728363 466729
1206746923 465905
1206749406 465105
1206752755 464721
1206800765 464818
1206971174 464829
1206985253 464673
1207145406 464618
1207844144 464623
1207873487 464628
1208376146 464633
1208907868 464644
1208992824 464666
1210025917 464669
1210188201 464675
1210211224 464694
1210591961 464696
1210615016 464711
1210713993 464728
1211210789 464734
1211337415 464738
1211337599 464738
1211342050 464746
1212010831 464751
1213138650 464773
1213139154 464804
1213150629 464814
1213230144 464814
1213362441 464981
1214151318 464988
1214222524 464272
1214256020 464290
1215813049 464302
1215823288 463702
1216301949 463738
1216708449 463687
1216853894 463692
1216920826 463695
1217350264 463711
1217805473 463711
1217810087 463710
1217857895 463211
1219794128 463218
1219797387 463221
1219799421 463226
1219800049 463264
1219813143 462977
1219970346 462984
1220180104 463054
1220390512 463058
1220391775 463062
1220477351 463022
1220478600 463045
1220553423 463047
1220553935 463051
1220558678 466074
1220612309 466086
1220737792 466092
1220755938 466007
1220767794 465927
1220966753 465916
1220984999 465967
1220994958 465986
1221002467 465986
1221086178 465908
1221229941 465886
1221512917 465891
1221513033 465895
1221585699 465900
1221601811 465813
1221687349 465822
1221704009 465827
1221821770 465846
1221822317 465844
1221825085 465923
1221825414 465928
1222092626 467071
1222116846 467118
1222155443 467177
1222180022 467182
1222184393 467232
1222196163 467236
1222242152 468171
1222243109 467264
1222243189 467269
1222254516 467274
1222267525 467305
1222311605 467122
1222317608 467015
1222350744 467058
1222363943 467064
1222382913 467134
1222395219 467149
1222414079 467146
1222466640 467159
1222860655 467235
1222943940 467261
1222994783 467274
1223032458 467330
1223051353 467350
1223284138 467376
1223284376 467398
1223369708 467403
1223378254 467405
1223390551 467411
1223397385 467416
1223504309 467433
1223575452 467442
1223580022 467445
1223656893 467451
1223863095 467459
1223957053 467496
1224002646 467433
1224070357 467463
1224528858 467541
1224530090 467542
1224625747 467628
1224943190 467638
1225049524 467655
1225054360 467705
1225062799 467738
1225064456 467788
1225074542 467828
1225154727 467840
1225155131 467130
1225158176 467211
1225161567 467215
1225186871 467215
1225198871 467231
1225809358 467244
1225810280 467288
1225815098 467289
1225817622 467304
1225828412 467315
1225833453 467339
1225834827 467329
1225844916 467329
1226043632 467324
1226089459 467147
1226946515 467231
1227150157 467236
1227720069 467353
1227732730 467383
1227732984 467583
1227906323 467583
1227923793 467565
1228481750 467570
1228488838 467579
1229185686 467583
1229187164 467611
1229300735 467613
1229365316 467630
1229394374 467642
1229424184 467648
1229476528 467658
1229480810 467662
1229639447 467667
1229647134 467680
1229747676 467630
1229793169 467648
1229884785 466867
1229897591 466861
1231015102 466487
1231097087 466497
1231190393 466280
1231362178 466291
1231373112 466301
1231532782 466307
1231610478 466312
1231620332 466234
1231725503 466378
1231839770 466383
1231839881 466386
1231841166 466422
1231842783 466427
1231862452 466435
1231870405 466625
1231872398 466644
1231891235 466748
1231923960 466763
1232077813 466772
1232087125 466782
1232125892 466786
1232126199 466800
1232246405 466816
1232310628 466821
1232329502 466827
1232331425 467039
1232410166 467043
1232413328 467182
1232416293 467184
1232462380 467188
1232465776 467245
1232468778 467268
1232476657 467273
1232492745 467279
1232508685 467287
1232526741 467316
1232571357 467306
1232587795 467312
1232599438 467320
1232681084 467341
1232685479 467403
1232695169 467486
1232734720 467487
1232803528 467492
1232813921 467493
1232911382 467574
1232925648 467575
1232948866 467578
1232958673 467589
1233122827 467594
1233180474 467610
1233246637 467614
1233358481 467623
1233467063 467746
1233537019 467751
1233543410 467755
1233584500 467724
1234149657 467724
1234822463 467021
1234997968 467023
1235158307 467026
1235261330 467031
1235326188 467035
1235362640 467045
1235417946 467078
1235936627 466830
1236083013 466824
1236083149 466830
1236359221 466907
1236802772 466911
1236986284 466921
1237042180 466926
1237046025 466868
1237175170 466853
1237216220 466843
1237318151 466856
1237332453 466807
1237553651 466872
1237749108 466881
1237753945 466898
1237866614 466865
1238082728 466883
1238172079 466856
1238469109 466808
1238632006 467082
1238714376 467092
1239197870 467127
1239201806 467132
1239204322 467139
1239269394 467149
1239313480 467147
1239370045 467151
1239747405 467156
1239761176 467167
1240185402 467237
1240235071 467241
1240339437 467272
1240362347 467290
1240431909 467307
1240441243 467338
1240450548 467348
1240477387 467348
1240496959 467348
1240511682 467316
1240712980 467325
1240713647 467409
1240857911 467413
1240933612 467421
1240938570 467426
1240957546 467431
1241800737 467590
1241825968 467599
1241972618 467606
1241977882 467617
1242432478 467622
1242494294 467687
1242603329 467706
1242673222 467716
1242696925 467722
1243032142 467715
1244231868 467728
1244588826 467737
1244594865 467613
1244733711 467620
1244779054 467522
1244803574 467527
1245059523 467578
1245568626 467591
1245702876 467596
1245709051 467408
1245970197 467440
1246047432 467490
1246056118 467495
1246061778 467502
1246069839 467453
1246073388 467546
1246499327 467555
1246499529 467555
1246540257 467563
1246542811 467567
1246973380 467574
1247014371 467586
1247075607 467598
1247086357 467598
1247094157 467655
1248128970 467567
1248356947 467572
1248408711 467481
1248433959 467420
1248442072 467425
1249247307 467453
1249254446 467463
1249254744 467471
1249255611 467483
1249258430 467412
1249265520 467420
1249266780 467345
1249406294 467345
1250901417 467357
1250903989 467364
1250905268 467314
1250944033 467318
1250944624 467403
1251746204 467421
1252961550 467422
1252968935 467423
1253199704 467442
1253854253 468485
1253883540 468490
1254070117 468539
1254269391 468552
1254501278 468567
1254501718 468582
1255119387 468854
1255128146 468884
1255142610 468885
1255154110 468889
1255292276 471005
1255560530 471009
1255562946 471011
1255564371 471029
1255567674 471047
1255644274 471058
1255896596 471066
1256058717 471071
1256059400 471076
1256059929 471247
1256060504 471251
1256064921 471251
1256068192 471277
1256068491 471313
1256072270 471314
1256073453 471315
1256075544 471317
1256102606 471385
1256139939 471389
1256145527 471396
1256170728 471400
1256171069 471162
1256396681 470996
1256509526 471015
1256531862 471022
1256597327 471026
1256611468 471033
1256676120 471034
1256676222 471034
1256755665 471039
1256755755 471043
1256771763 471054
1256862192 471064
1256904650 471069
1257031519 472070
1257075077 472074
1257113409 472074
1257113790 472081
1257115422 472085
1257188213 472056
1257345810 472067
1257378419 472076
1257379197 472028
1257388447 472029
1257425215 472038
1257456865 472038
1257459893 472043
1257541022 472047
1258081531 472040
1258337690 472047
1258945180 472011
1258985198 472011
1259059591 472108
1259193273 472155
1259237635 472154
1259237862 472160
1259274373 472174
1259287578 472206
1259415344 472356
1259433377 472372
1259449141 472423
1259453500 472534
1259488234 472544
1259892172 472552
1259971883 472615
1260042886 472624
1260131467 472674
1260192930 472909
1260334140 472956
1260649929 472961
1261159100 472966
1261270532 472973
1261348352 472972
1261348454 472976
1262733436 473014
1262758361 473013
1262982894 473016
1262984844 473136
1263071506 473353
1263230066 473375
1263238580 473445
1263241898 473445
1263324766 473449
1263331574 473454
1263332410 473472
1263333513 473474
1263333977 473423
1263337336 473428
1263337554 473466
1263514799 473466
1263514979 473508
1263520650 473543
1263580642 473543
1263658750 473551
1264267435 474138
1264363649 474139
1264386235 474151
1264468120 474167
1264559150 474228
1264619955 474233
1264638262 474262
1264717303 474246
1264717873 474287
1264773876 474305
1264773994 474318
1264840309 474325
1264888031 474349
1264956290 474378
1265200888 474383
1265253145 474387
1265254479 474396
1265327263 474466
1265402059 474501
1265530998 474612
1265537107 474612
1265540449 474627
1265541038 474632
1265554290 474625
1265556141 474627
1265556405 474675
1265593036 474685
1265593298 474692
1265600237 475222
1265611508 475236
1265621936 475241
1265637190 475276
1265637794 475288
1265637970 475292
1265816392 475384
1266156960 475397
1266170438 475433
1266202269 475450
1266243118 475490
1266249703 475491
1266281145 475514
1266281756 475521
1266410145 475556
1266428573 475579
1266451207 475585
1266451379 475599
1266451774 475605
1266452132 475624
1266528478 475627
1266529095 475630
1266677323 475637
1266678354 475680
1266694051 475724
1266700294 475734
1266951057 475348
1267205571 475348
1268271608 475442
1268483296 475457
1268485216 475464
1268488989 475526
1268500608 475548
1268505365 475567
1268522969 475612
1268527176 475617
1268775913 475622
1268783712 475628
1268859141 475628
1269056344 475570
1269132264 475577
1269205932 475591
1269210723 475632
1269211946 475637
1269223667 475640
1269227013 475650
1269389303 475583
1269434539 475509
1269658413 475512
1269694798 475365
1269963532 475388
1269987491 475013
1270596861 475041
1270599486 475050
1270744370 475060
1270997046 475071
1272463808 475079
1275322828 475101
1275394318 475104
1275394385 475129
1275665824 475125
1276083084 475134
1276246819 475140
1276707671 475148
1276709555 475152
1276769777 475114
1276785788 476299
1276791763 476597
1276952011 476603
1276952274 476577
1277036791 476577
1277133430 476664
1277137455 476673
1277138020 476694
1277143006 476694
1277311496 473956
1277321478 474076
1277479954 474102
1277487190 474108
1277837093 474115
1277837228 474395
1277915209 474401
1278014269 474443
1278522439 474447
1278591415 474471
1278592853 474501
1278620093 474517
1278670460 474529
1279559706 474618
1279599192 474626
1279655620 474539
1284064816 474544
1284065256 474586
1284065808 474655
1284224580 474671
1284225341 474677
1284225927 474871
1284297470 474908
1285162159 474909
1285162413 474927
1285165420 475427
1285258350 475453
1285698666 475463
1285702948 475566
1285704921 475495
1286202276 475499
1286203761 475507
1286203972 475507
1286209592 475734
1286262854 475739
1286882706 475749
1286987486 475762
1286987618 475757
1286987843 475764
1287335383 475799
1287422527 475799
1287424955 475804
1287425469 475811
1287428476 476877
1287522993 476881
1287671236 476880
1287672796 476999
1287675625 477072
1288350588 477086
1288350951 477112
1288351327 477145
1288354199 477153
1288354602 477174
1288458184 477196
1288458539 477183
1288458920 477180
1288459188 477191
1288708937 477201
1288788832 477287
1288794440 481359
1288880238 481319
1289254761 481323
1289491562 481329
1289491629 481329
1289491765 481335
1289560557 481339
1289560699 481348
1289568649 481362
1289661671 481366
1289661822 481397
1289669619 481450
1289674662 481450
1289755078 481455
1290697430 481460
1290787046 481475
1290968479 481485
1290969363 481533
1290969571 481539
1290969886 481552
1291378319 481557
1291389782 481563
1291391700 481573
1291804015 481834
1292371256 481842
1294154254 481864
1294159819 481807
1294350481 481821
1294514927 481849
1294516283 481867
1294753121 481891
1295006939 481897
1295022114 482104
1295119628 481999
1295290282 481997
1297023813 482009
1297024710 482117
1297187499 482124
1298638190 483553
1298922366 483557
1298924569 483573
1299081989 483594
1299082953 483617
1299085703 483907
1299159323 483921
1299161117 483927
1299267100 483938
1299269662 483944
1299423662 483944
1299426725 483951
1299428027 483977
1299488150 478674
1299488837 478713
1299615390 478718
1299616268 478719
1299619189 478108
1299693716 478114
1299860948 478239
1299865268 478305
1299963120 478053
1299966490 477715
1300124808 478146
1300129249 478151
1300212102 478189
1300284597 478194
1300394509 478199
1300398977 478235
1300885974 478268
1300886169 478300
1300994825 478299
1301058323 478307
1301162777 478306
1301165139 478306
1301323837 478343
1301323911 478532
1301411060 478522
1301412374 478526
1301415293 478533
1301494760 478532
1301502943 478200
1301862014 478109
1301862250 478119
1302193008 478125
1302796449 478134
1303210982 478123
1303395761 478130
1303398332 478139
1303401623 478107
1303829615 478113
1303829773 478123
1303830112 478131
1303833515 478128
1303909399 478135
1303922778 478139
1303924035 477842
1304001233 477846
1304006268 477495
1304013656 477482
1304087145 477399
1304089885 476907
1304185419 476913
1304190821 476917
1304191143 476854
1304344616 476335
1304348411 476339
1304350453 476371
1304354099 476376
1304538123 476378
1304605078 476244
1304693489 476243
1304704850 476243
1305290235 476199
1305292786 476155
1305474932 476233
1305475195 476236
1305477525 476255
1305479410 476286
1305561212 476385
1306329525 476385
1306329587 476385
1306333474 476405
1306336777 476409
1306336933 476434
1306343580 476520
1306524092 476525
1306524345 476616
1306851119 476685
1306944203 476635
1307026494 484220
1307984306 484220
1307986702 484232
1308069836 484230
1308154300 484260
1308589798 484267
1308677813 487060
1308758746 487065
1308761731 487102
1308764904 487018
1308772616 486997
1309273932 486992
1309274263 487002
1309274441 487008
1309276210 487014
1309454558 487011
1309459840 487003
1309987630 487005
1309987899 486991
1309988073 486974
1309988375 486972
1309988772 486964
1310149347 486979
1310150601 486991
1310155020 487006
1310155633 487796
1310247863 487801
1310248412 487809
1310417444 487816
1310423684 487821
1311616632 487826
1311617337 487832
1311619137 487836
1311619550 487843
1311621155 487854
1311622649 487804
1311622878 487809
1311624859 487839
1311628208 487844
1311631193 487792
1312391266 487799
1312391481 487809
1312393565 487825
1312394218 487829
1312394491 487832
1312396475 487855
1312397801 487901
1312400143 486393
1312400846 486398
1312402695 486410
1312404094 486500
1312410992 486513
1312462457 486513
1314036196 486513
1314036516 486517
1314039401 486543
1314039782 486555
1314039941 486560
1314040252 486569
1314042213 486604
1314042388 486644
1314048300 486682
1314121129 486686
1315085136 486707
1315924941 487078
1316031141 487078
1316036256 487078
1316036385 487089
1316036475 487113
1316038515 487118
1316038617 487115
1316040252 487116
1316110184 488675
1316710268 488814
1316886446 488956
1317067228 489163
1317297851 489147
1317302290 489151
1317313577 489139
1317326254 489230
1317996399 489227
1318084119 489308
1318091715 489308
1318277473 489337
1318277528 489356
1318348803 489375
1318349015 489378
1318960922 489384
1318961099 489389
1318961369 489401
1318962991 489474
1318965003 489474
1318965025 489474
1319225142 489479
1319294830 489494
1319296698 489498
1319812956 489505
1319822426 489513
1319827477 489513
1319907543 489496
1319922131 489496
1320089010 489498
1320231694 489507
1320235593 489614
1320328169 489832
1320331582 489830
1320332028 489812
1320342987 489814
1320346685 489883
1320420264 489934
1320432718 487322
1320506410 487322
1320702729 487348
1321297427 487355
1321369917 487337
1321371503 487348
1321446324 487353
1321449040 487358
1321452113 487364
1321544166 487369
1321556220 487377
1321904563 487385
1321980652 487394
1321982973 487399
1322046489 487404
1322414692 487423
1322417151 487639
1322418409 487643
1322500929 488569
1322503433 488609
1322585584 488617
1322652057 488623
1322654877 488683
1322755990 488688
1322847659 488725
1322921243 488731
1323363059 489101
1323717583 489187
1323720587 489210
1323775592 489215
1323785789 489337
1323789334 489316
1323864512 489324
1323865051 489330
1323868602 489335
1323876392 489346
1323877051 489391
1323968380 489392
1323971313 489405
1323983273 489407
1324057303 489435
1324321535 489441
1324391273 489453
1324408354 489384
1324469809 489384
1324479284 489355
1324658316 489319
1325529731 489328
1325532878 489366
1325536360 489311
1325609426 489316
1325614531 489322
1325622716 489319
1325625420 489286
1325675313 489302
1325679211 489309
1325682406 489314
1325685448 489277
1325695118 489282
1325698246 489282
1325774779 489284
1325776215 489289
1325778454 489221
1325785330 487814
1325785531 487608
1325858502 487620
1325858526 487649
1325858548 487654
1325858570 487659
1325858591 487664
1325858613 487673
1325858637 487829
1325881874 488056
1325960364 488119
1325961627 488101
1325965912 488048
1326110946 488064
1326111410 488068
1326113558 488084
1326118030 488093
1326123993 488062
1326125752 488034
1326130106 488006
1326139078 488028
1326215943 488033
1326216625 488028
1326219020 488034
1326463646 487950
1326464876 487956
1326472676 487918
1326482582 487925
1326559640 487925
1326561006 487933
1326564359 487922
1326736128 487920
1326738693 487978
1326740343 487978
1326990920 487981
1326992341 487994
1326994278 487967
1327001795 487976
1327086156 487980
1327168135 488006
1327169505 488049
1327262702 488065
1327266284 487993
1327337430 488010
1327438516 488016
1327676295 488029
1327679101 488065
1327686644 488075
1327691848 488097
1327852754 488098
1327855290 488121
1327857932 488113
1327934329 488117
1327935422 488270
1327939374 488261
1327951969 488249
1327952147 488255
1327953586 488263
1328022128 488259
1328030252 488208
1328288743 488260
1328372965 488510
1328379356 488519
1328384955 488523
1328456975 488389
1328457973 488435
1328646731 488435
1328646750 488432
1328646770 488429
1328810914 488444
1328812195 488560
1328899098 488569
1328910812 488713
1329155620 488748
1329158369 488755
1329158673 488759
1329162591 488852
1329309407 488861
1329311077 488957
1329318798 488964
1329325781 493693
1329408373 493695
1329412223 493731
1329432264 493738
1329486490 493745
1329486869 493749
1329673463 493749
1329914904 493760
1329916330 493761
1330636208 493767
1331225399 494063
1331226936 494207
1331656897 494229
1331661244 494237
1332355534 494243
1332435816 494250
1332437832 494387
1333022073 494386
1333030676 494391
1333036755 494403
1333121598 494408
1333123477 494415
1333129220 494887
1333305718 495938
1333648076 495922
1333650588 495922
1334600869 495929
1336420660 495930
1337017697 495949
1337027176 495949
1337027746 495977
1337360759 495989
1337442243 498700
1337447579 498700
1337704025 498705
1338662474 498717
1339004562 498728
1339445374 498753
1339694300 499364
1339777356 499382
1339865695 499413
1340037137 499443
1340045764 499453
1340300479 499457
1340647553 499458
1340905148 499460
1341941393 499465
1342545612 499481
1342615129 499487
1342624629 499543
1342811456 499572
1342825887 499572
1343004620 499603
1343237807 499616
1343318437 499627
1343320413 499639
1343411351 499639
1343415297 499656
1343580261 499668
1344209933 499681
1344212035 499723
1344293314 500316
1344463648 500404
1344465435 500407
1344721421 500463
1345085217 500491
1345326528 500544
1345426016 500549
1345426331 500554
1345427558 500557
1345474233 500627
1345476850 500638
1345510463 500651
1345659262 500411
1345819694 500412
1346002607 500847
1346006442 500850
1346008130 500851
1346273349 500914
1346346680 500926
1346373752 501049
1346450166 501076
1346452863 501080
1346546075 501090
1346546533 501095
1346704217 501128
1346844711 501159
1346847209 501386
1346849262 501905
1346885749 501680
1346965908 501680
1347059223 501687
1347150265 501721
1347369156 501748
1347456457 501766
1347458620 501856
1347544144 501863
1347547347 501894
1347628210 501897
1347638213 501902
1347657549 501907
1347657575 502551
1347745625 502593
1348341397 502635
1348423785 502635
1348426196 502649
1348926894 502655
1348966201 502665
1349187138 502679
1349447810 502681
1349535297 502684
1349537729 502707
1349628092 502744
1349631939 502749
1349633196 502755
1349634665 502825
1350144255 502829
1350145582 502817
1350147362 502822
1350160895 502166
1350324002 502248
1350487912 502256
1350494913 502243
1350555708 502140
1350557518 502145
1350598655 502267
1350600233 502214
1351028249 502214
1351029419 502199
1351348467 502203
1351351798 502209
1351359344 502161
1351439234 502177
1351456795 502379
1351523087 502366
1351533154 502368
1351534991 502343
1351536427 502408
1351563273 502349
1351644926 502360
1351715104 502366
1351717511 502372
1351724889 502373
1351898508 502391
1352128307 502362
1352148497 502378
1352209159 502400
1352241082 502411
1352301234 502467
1352332712 502341
1352336605 502349
1352367294 502354
1352367527 502284
1356802785 502275
1356825450 502342
1358715439 502342
1358717305 502340
1361556316 502347
1361987930 502347
1362798957 502349
1363704371 502350
1363895397 502371
1364240030 502377
1364681206 502433
1364693315 502422
1364870810 502426
1365084693 502447
1365099803 502456
1365132605 502457
1365206868 502462
1365266554 502470
1365272958 502476
1365279294 502479
1365286920 502483
1365295333 502825
1365301827 502867
1366204760 502883
1366591635 502894
1367254028 502879
1367414829 503058
1367431793 503089
1367574920 503143
1367575285 503151
1367575578 503514
1367590038 503514
1367591144 503521
1367592682 503523
1367599064 503528
1367603321 503541
1367884994 503600
1368023432 503624
1368229396 503624
1368288643 503647
1368303387 503653
1368313500 503688
1368371565 503700
1368373911 503729
1368632844 503734
1369139978 503734
1369654608 503732
1369658102 504814
1369752150 504820
1369765450 504824
1369772733 504833
1370054144 504847
1370095537 504862
1370620589 504944
1370629100 504944
1370948611 504952
1370987398 504960
1371450653 504976
1371457674 505056
1371458960 505061
1371667956 505069
1371681966 505090
1371761938 505099
1371770071 505104
1372096740 505111
1372103579 505145
1372164905 505151
1372178721 505157
1372438356 505167
1372453010 505142
1372537128 505148
1372704199 505154
1372722244 505171
1372812289 505107
1372982342 505107
1372985234 505112
1373045867 505112
1373116755 505108
1373219286 505011
1373403163 504839
1373403193 505027
1373415899 505027
1373581222 505183
1373590356 505184
1373590370 505156
1373590383 502203
1373654527 502205
1373656308 502213
1373667347 502213
1373936590 501535
1373998061 501511
1374103681 501515
1374675439 501527
1374676711 501497
1374682354 501502
1374689818 501506
1374692739 501506
1374701971 501477
1374718186 501490
1374760461 501595
1374787272 501589
1374847204 501603
1374973956 501607
1374974858 501607
1375147432 501615
1375664221 501060
1375666187 501054
1375917573 500461
1375918734 500476
1375996823 500480
1376010418 500639
1376084028 500674
1376102070 493862
1376102405 494029
1376267968 493731
1376354215 493668
1376444641 492466
1376445775 492474
1376479253 492450
1376480332 492458
1376483153 492463
1376496248 492434
1376498266 492446
1376516459 492412
1376582010 492088
1376841873 492106
1376867335 492212
1376925268 492354
1377103311 492392
1377133331 492397
1377555321 492416
1378211287 492572
1378732247 492577
1378812402 492850
1378837849 492931
1378839641 492936
1378919974 492941
1378944689 492979
1378945925 493032
1379442341 493032
1379443266 493035
1379452812 493040
1379629958 493039
1379689456 493043
1379850464 493096
1379884312 493189
1380121476 493223
1380152224 493236
1380304012 493255
1380311631 494693
1380316896 494546
1380319042 494593
1380587399 494599
1381608973 494603
1384014466 494609
1384522406 494625
1384522423 494649
1384570283 494658
1384630299 494238
1384630326 494253
1384630343 494230
1384915629 494232
1385080834 494254
1385242945 494273
1385256448 494277
1385267432 494279
1390334855 494282
1390334951 494307
1390492351 494362
1391476917 494376
1391794628 494380
1391794641 494382
1393634207 494396
1393635672 494371
1393701863 494376
1394143605 494390
1394238202 494404
1394302334 494410
1394638732 494415
1394657489 494422
1394663469 494424
1394758159 494430
1394839181 494434
1395212236 494438
1395282421 494436
1395458314 494436
1395459191 494436
1395460319 494442
1395499560 494448
1395502173 494405
1395513763 494412
1395531135 494449
1395541243 494454
1395621048 494468
1395660300 494473
1395668060 490349
1395792841 490357
1395793854 490378
1395795973 490406
1395843242 490412
1395876121 490406
1396053953 490390
1396231578 490420
1396487864 490432
1396489591 490437
1396567794 490444
1396618625 490467
1396622042 490299
1396639276 490308
1396710840 490309
1396741017 490069
1396742316 490070
1396800133 490235
1396812330 490239
1396824541 490312
1396826437 490316
1396919065 490315
1397073187 490319
1397085223 490160
1397113993 490218
1397136187 490352
1397138873 490346
1397346006 490354
1397348447 490354
1397517206 490358
1397522201 490362
1397555208 490371
1397748244 490371
1397827411 490363
1398221906 490382
1398270630 603709
1398496351 490387
1398613604 491086
1398775765 491090
1398922611 491579
1398957763 491584
1398965151 491588
1398992714 491646
1399066769 491682
1399069706 491634
1399075818 491627
1399499241 491653
1399501073 491668
1399512286 491687
1399833910 491704
1399856091 491713
1399894604 491745
1399904658 491723
1399931312 491728
1399933551 491747
1399935507 491701
1399988053 491751
1400116481 491817
1400158952 491708
1400188836 491713
1400287468 491717
1400327030 491732
1400371491 491759
1400429060 491764
1400429080 491748
1400437342 491752
1400447694 491751
1400543989 491759
1400621070 491796
1400651538 480838
1400703277 480847
1400714096 480536
1400781044 480542
1400864843 480547
1400901723 480222
1401503964 480253
1402223570 480257
1402355537 480261
1402357253 480267
1402579826 480270
1402774539 480272
1403389352 480277
1404430387 480282
1405293136 480292
1407106026 480299
1407157751 480256
1407190540 480264
1407623999 480266
1407880040 480298
1408150642 480314
1408629616 480321
1408644274 480332
1409182081 480368
1409526295 480371
1409752525 480391
1410130424 480411
1410363599 480164
1410381459 480186
1411988753 480192
1411992956 480649
1412173893 483058
1412627068 483067
1412630257 483129
1412817225 483129
1412822488 483133
1413056326 480915
1413181040 480955
1413339801 481105
1413405938 481109
1413468718 481121
1413482728 481126
1413493718 479135
1413513604 479136
1415274698 479047
1415333066 479051
1415388830 479056
1415453546 479063
1415502668 479125
1416003319 479189
1416449685 479202
1416548339 479208
1416804617 479212
1417065541 480538
1417447786 480541
1417468293 480555
1418096022 480565
1418420280 480570
1418885357 480574
1418952215 480807
1419034946 480844
1419046998 480850
1419348008 480856
1419466537 480854
1419595965 480629
1419632112 480621
1420050576 480283
1420050639 480283
1420051981 480131
1420060066 479741
1420064458 480035
1420139766 480026
1420193105 480095
1420196285 480148
1420203528 480204
1420209558 480204
1420238798 483196
1420840839 480597
1422199628 480616
1422206659 480601
1422208068 480629
1422431406 480610
1422539893 480643
1422579409 480656
1422615103 480380
1422766954 480416
1422832935 480292
1423032364 480297
1423043075 480300
1423044367 480061
1423274334 480139
1423328747 480185
1423378141 480206
1423417836 480272
1423492276 480288
1423505311 480305
1423522040 480276
1423544117 480282
1423622232 480298
1423637669 480316
1423665165 480371
1423706543 480206
1423706625 480122
1423708067 480129
1423712231 479818
1423755174 479824
1424358599 479848
1424667212 479907
1424708724 479980
1424880180 480031
1424882103 479883
1424897740 479887
1424904797 479903
1424920171 480019
1425591683 480023
1425652481 480013
1425663189 479787
1427331627 479795
1427381569 479795
1427392327 479791
1427652292 479749
1428195596 479744
1428517215 479413
1428846484 479417
1428849610 479434
1429734548 479440
1431106334 479445
1431294097 479462
1431384002 479509
1431478567 479166
1432002831 479167
1432005688 479195
1432506056 479195
1432507310 479204
1432681736 479327
1432882618 479443
1434680269 479469
1434762361 479470
1435115656 479502
1435284549 479508
1435602428 479682
1435880601 479686
1435926531 479693
1437921705 479697
1437921836 479705
1437924243 479467
1437926464 479350
1438515621 479355
1438517799 479401
1438553513 479426
1438880131 479455
1438958622 479454
1439373525 479363
1439385871 479307
1440117671 479416
1440427617 479428
1440540411 479455
1441548654 479465
1441575029 479445
1441672008 480957
1441763967 480974
1441928052 480891
1441931829 480898
1441986536 480927
1441988908 480933
1441993736 480952
1442270393 480956
1442345223 480956
1442864398 480977
1443136707 481014
1443698034 481030
1443701279 480938
1444334338 480896
1444338168 480903
1445089451 480909
1445716281 480908
1446426871 480912
1446432649 480924
1446480918 480932
1446956397 480929
1446958169 480941
1447011084 480946
1447120146 480954
1447200325 480965
1447209688 480970
1447214658 480279
1447385476 480272
1447428319 480277
1453645126 480280
1456122911 480280
1456125613 480288
1456166455 480292
1456179114 479741
1456188692 479784
1456720233 479788
1456762386 479787
1456769146 479808
1456772520 479813
1456794532 478675
1456797450 478669
1456877922 478613
1457929543 478644
1459874962 478631
1459876197 478630
1459893825 478676
1462319903 478665
1462941442 478667
1464042435 478667
1464044829 478674
1464091760 478676
1464439531 478697
1464691722 478712
1464751730 478716
1464879109 478724
1464880039 477762
1464886427 477762
1464988030 477770
1465089522 477977
1465177149 478009
1465224252 478013
1465227715 478018
1465230799 478017
1465231226 478018
1465232201 478008
1465336040 478373
1465336394 478378
1465337916 478350
1465346074 478332
1466098705 478336
1466102950 478343
1466106304 478347
1466122906 478357
1466124035 478363
1466129633 478366
1466131010 478372
1466445700 478373
1466625087 478374
1466814498 478378
1466861489 478380
1466870777 478408
1466882950 478414
1467124626 478420
1467131035 478420
1467137933 478436
1467252812 478436
1467297476 478240
1467402095 478251
1467428279 478251
1467567464 478264
1467681663 478272
1467726519 478274
1467900486 478278
1467901705 478216
1467908087 478157
1467910544 478160
1467913745 478163
1467995496 478169
1468721949 478172
1468723923 478179
1468725528 478165
1468775383 478173
1468858941 478179
1468876041 478167
1468932792 478143
1469630325 478148
1469808287 478119
1469899441 478117
1470095126 478096
1470149020 477956
1470249414 477972
1470518748 478070
1470679107 478077
1470702821 478080
1470749015 478084
1470932670 478064
1470933920 478081
1470937317 478085
1470959987 478090
1471015545 478105
1471016596 478082
1471018580 478091
1471090665 478095
1471095387 478100
1471110059 478107
1471177718 478115
1471179110 478086
1471188862 478091
1471191450 478091
1471195758 478134
1471208127 478110
1471525539 478123
1471526813 478173
1471567460 478182
1471811309 478187
1471811322 478191
1472127856 478238
1472217834 478273
1472229042 478225
1472391643 478220
1472476119 478220
1472479585 478239
1472488340 478225
1472522478 478338
1472561092 478348
1472563558 486663
1472582291 486676
1472595689 486674
1472601506 486723
1472658057 486723
1472664111 486651
1472675020 486616
1472838331 486627
1472924613 486637
1472928366 486608
1472930073 486607
1473027707 486611
1473034671 486681
1473077505 486681
1473168437 486684
1473217443 486646
1473256446 486652
1473293674 486659
1473299263 486616
1473339869 486631
1473364908 486634
1473438430 486638
1473440387 486642
1473466783 486576
1473510957 486591
1473522122 486594
1473638243 486617
1473705786 486689
1473717932 486664
1473801225 486807
1473900004 486812
1473944519 486808
1473947532 486808
1473961189 486848
1473963898 486861
1474050531 486983
1474216807 486987
1474411544 486916
1474462373 486931
1474481979 486924
1474484323 486671
1474490181 486650
1474642359 486692
1474748482 486561
1474752785 486650
1474825267 486655
1474837108 486659
1474845679 486667
1475012311 486671
1475013887 486687
1475339391 486703
1475350457 486703
1475353853 486697
1475887328 486970
1475931201 486954
1476052915 487073
1476062258 487084
1476137041 487084
1476157960 487116
1476192069 487116
1476320007 487127
1476342003 487156
1476342351 487160
1476363182 487240
1476393167 487231
1476394300 487232
1476570238 487331
1478033445 487336
1478472129 487344
1478526917 487363
1479079440 487446
1483237626 487450
1483302151 487445
1483308449 487450
1483981164 487465
1484195657 487467
1484197106 487424
1485101673 487278
1485103507 487283
1485226380 487557
1485286171 487573
1485297206 487598
1485364539 487661
1485399629 487815
1485403765 488003
1485525925 488263
1485528535 488267
1485530501 488256
1485795809 488307
1485889130 488398
1486052534 488452
1486063911 488463
1486247544 488467
1486341809 488472
1486404172 488481
1486423985 488481
1486426269 488486
1486489813 488493
1486584820 488496
1486791452 488507
1486927949 488523
1486942846 488533
1487020377 488559
1487026616 488567
1487068526 488572
1487070941 488618
1487072688 488624
1487186215 488624
1487196205 488632
1487268327 488648
1487384099 488654
1487390851 488686
1487440040 488691
1487610314 488681
1487614056 488679
1487615110 488714
1487615212 488676
1487616223 488740
1487696892 488759
1487729923 488762
1487784520 488759
1487796980 488728
1487823281 488738
1487858352 488745
1488122595 488759
1488167363 488767
1488231739 488772
1488330098 488808
1488340527 488812
1488349490 488829
1488583119 488819
1488674818 488517
1488739050 488521
1488811139 488528
1488814039 488535
1488815099 488473
1488906896 488471
1488993633 488474
1489020051 488502
1489155967 488503
1489178536 488505
1489370546 488499
1489446200 488504
1489803214 488513
1489805284 488514
1489805557 488096
1490024103 488101
1490222100 488102
1490275524 488095
1490287766 488110
1490358491 487663
1490371828 487703
1490483918 487715
1490491614 487721
1490579200 487722
1490660772 487714
1490719567 487713
1490734853 487760
1490819221 487765
1490995874 488069
1491018820 488084
1491061790 488093
1491160136 487999
1491162628 488001
1491162745 487990
1491164312 488008
1491168937 488023
1491258218 488327
1491617062 488327
1491669222 488332
1491755215 488341
1491958928 488346
1491961493 488359
1492005898 488366
1492131947 488375
1492134927 488327
1492176767 488336
1492219759 488347
1492535649 488354
1492887193 488432
1492890144 488437
1492890428 488467
1493227073 488471
1493228525 488462
1494603833 488475
1494686149 488485
1494688060 488512
1494779938 488521
1494781017 488544
1494872108 488544
1494873193 488528
1494873357 488528
1494875463 488532
1495472714 488537
1495551714 488541
1495554841 488557
1495987672 488600
1495999222 488600
1495999811 488603
1496000838 488614
1496002017 488625
1496079851 488656
1496081479 488637
1496147479 488773
1496150762 488781
1496152070 488795
1496154578 488794
1496240269 488800
1496409407 488814
1496682450 488768
1496683638 488726
1497027859 488731
1497114725 488701
1498770682 488705
1498831726 488693
1498833887 488699
1498836001 488702
1498838438 488711
1498977406 488715
1499444902 488705
1499461955 488961
1499701064 488958
1500564425 488963
1500572190 488970
1501959854 489108
1502128858 489086
1505653060 489093
1506801035 489108
1508963827 489114
1511449268 489123
1511456236 489128
1514313810 489130
1515449839 489142
1515449850 489155
1515449860 489157
1515522560 489177
1515679290 489182
1515680643 489190
1515682946 489190
1515688665 489194
1516031205 489194
1516039738 489230
1516642434 489257
1517582207 489254
1517583846 489256
1517586634 489253
1517844453 489266
1517850049 489293
1518201119 489468
1518284964 489476
1518288079 489448
1518290680 489414
1518446952 489311
1518450073 489320
1518453680 489339
1518879011 489326
1518883105 489334
1519148337 489313
1519151558 489318
1519154752 489376
1519239137 489289
1519242665 489298
1519243928 489309
1519245906 489271
1519247782 489286
1519495088 489299
1519496856 489314
1519498513 489320
1519566488 489320
1519568360 489331
1519577773 489335
1519579906 489340
1519639983 489343
1519646952 489349
1519654070 489307
1519657857 489316
1519758317 489308
1520244868 489326
1520266856 489311
1520594865 489332
1520601349 489322
1520777876 489356
1520779660 489364
1520781528 489368
1520865023 489370
1521031908 489354
1521216207 489022
1521393137 488892
1521396169 488894
1521461472 488124
1521571616 487265
1521573230 485882
1521824356 485878
1521826258 485798
1521898735 485828
1521900759 486014
1521956073 486029
1521985684 485978
1521989058 485924
1521991582 485926
1522057194 485762
1522063396 485761
1522132580 485760
1522324356 485786
1522328148 485795
1522328487 485795
1522340883 485806
1522760890 485812
1522762669 485815
1522764781 485820
1522767428 485820
1522771790 485842
1522803371 485845
1522850669 485859
1522853059 485868
1522855687 485847
1522954913 485874
1523561756 485907
1524081821 485945
1524533262 485954
1524559105 485963
1524559927 485968
1524619090 485982
1524619230 485997
1524620278 486000
1524620571 485992
1524622544 485976
1524623209 485980
1524759783 485974
1524763346 485966
1524854233 485918
1525456433 485928
1525687485 486044
1525687642 479773
1525690841 479758
1526046957 479752
1526048889 479771
1526058264 479727
1526132980 479734
1526136295 479726
1526400660 479589
1526402909 479453
1526569774 479253
1526572085 479212
1526650521 479165
1526652053 479158
1526827724 479365
1526897283 479169
1527013368 479191
1527255398 479140
1527432657 479093
1527434928 478950
1527436307 478956
1527502258 478969
1527508935 478986
1527690956 478998
1527704094 479143
1527862533 479140
1527950761 479154
1527952943 479163
1527958229 479118
1528037295 479028
1528106183 479013
1528111304 479028
1528112857 479010
1528379069 479015
1528381514 478998
1528637700 479004
1528639733 479006
1528718888 478963
1528722564 478965
1528726341 478976
1528826366 478971
1528835261 479057
1528890140 479069
1528933991 479085
1529075540 479086
1529330759 479119
1529682814 479136
1529844689 479148
1529846876 479156
1529846962 479155
1529848521 479180
1529951005 479212
1529971328 479211
1530032028 479217
1530105733 479217
1530192387 479226
1530196629 479125
1530677343 479277
1530729667 479277
1530731076 479275
1530732909 479221
1531313526 479226
1531432656 479228
1531483885 479234
1531484076 479238
1531943280 479242
1532271185 479312
1532302671 479096
1532437719 479098
1533938945 479106
1534785673 479136
1536758372 479138
1536764545 479137
1537110706 479167
1537117785 479165
1537181920 479175
1539693199 479179
1540050751 479179
1540053046 479186
1540055189 479218
1540086393 479222
1540550481 479213
1540605533 479216
1542203869 479225
1542539015 479238
1542604308 479238
1542691305 479247
1542698764 479251
1542777956 479251
1542848656 479273
1542869635 479265
1542910206 479300
1543771281 479308
1544069832 479314
1544415461 479146
1544784769 479146
1545688732 479185
1545688758 479191
1545688778 479221
1545688797 479267
1545688816 479317
1546798003 479317
1546803131 479297
1547568785 483629
1547572540 483629
1547822289 483581
1547823752 484167
1547830396 484190
1547847258 488459
1547992136 484179
1547995408 484236
1548024341 484240
1548024372 484244
1548120140 484250
1548120602 484256
1548294546 484276
1548334253 484276
1548446783 484301
1548449097 484301
1548649094 484348
1548811760 484358
1549026450 484396
1549130525 484426
1550527697 484430
1550774209 484434
1551130225 484446
1555236984 484422
1555498070 484448
1555498151 484461
1555498248 484470
1555827953 484479
1557145904 484467
1557146124 484464
1558460996 484455
1558461155 484460
1559566493 484464
1559571629 484482
1559575599 484442
1559730855 484447
1559836003 484453
1561242225 484457
1561357516 484457
1561598416 484462
1561682949 484467
1561684025 484467
1563377211 484469
1563378673 484475
1563380502 484473
1563385834 484528
1563471821 484633
1563643436 484673
1563665541 484658
1563711912 484697
1563839307 484702
1563839672 484720
1563839944 484725
1563840165 484728
1564020252 484750
1564020391 484754
1564236641 484771
1564237559 484771
1564404568 484781
1564404735 484785
1564405149 484783
1564405647 484758
1564405772 484768
1566153241 484353
1567066781 484357
1574108567 484350
1574524461 484353
1576271583 484353
1577762149 484366
1577762259 484370
1578584705 484370
1578586025 484328
1580232045 484318
1580737789 484241
1580738618 484248
1580825120 484307
1580825905 484327
1581086107 484333
1581264226 484338
1581265602 484074
1581268267 484080
1581876570 484086
1582287991 484090
1582288860 484218
1582900107 484233
1582900861 484238
1582984696 484249
1582991470 484263
1583158085 484282
1583160949 484402
1583162095 483168
1583167230 483197
1583264293 483204
1583341229 483250
1583343573 483250
1583343625 483256
1583344565 483260
1583502308 483263
1583504238 483257
1583505231 483262
1583518604 483326
1583589273 483355
1583679511 483339
1583680793 483375
1583755752 483352
1583756250 483359
1583756800 483344
1583864884 483345
1583866340 483348
1583942130 483328
1584210663 482749
1584211313 482756
1584212160 482730
1584212886 482735
1584213825 482742
1584545329 482749
1584546556 482798
1584711448 482780
1585502950 482786
1585504141 482799
1585586404 482804
1585587618 482812
1585588164 482879
1585588761 482879
1585589645 482883
1586197165 482892
1586197989 482968
1586432680 482977
1586473275 482985
1586903830 482989
1587149909 483019
1587151542 483028
1587651731 483032
1587718441 483089
1587724895 483154
1587741510 483034
1587853755 483034
1587948412 487331
1587948460 487405
1587949116 488140
1588004039 487410
1588259799 483055
1589013717 483060
1591206623 483060
1592569807 483197
1593278334 483156
1593730630 483182
1593958909 483184
1594921273 483064
1594999942 483076
1595001703 483023
1595198152 483030
1595528744 483030
1595943130 483024
1596487589 482987
1596590273 482989
1596652435 482980
1597787784 482987
1598703950 482993
1599093211 482997
1599093263 483004
1599747461 483011
1599906620 488581
1599906653 603694
1601122865 606789
1601129458 606819
1601236472 607012
1601325593 606820
1601326128 606821
1601572818 608257
1601579755 606821
1602968971 607012
1603536486 607012
1603536529 607015
1603734311 607016
1603945745 607032
1603959013 607031
1605440814 607031
1605456109 607032
1605894137 607031
1605942458 607031
1606529609 607051
1610013716 607051
1610155270 607051
1611173685 607045
1611175483 607082
1611176251 607082
1611223153 607082
1611259775 607082
1611310311 607082
1611333268 607082
1611483105 607082
1611585937 607045
1611880238 607167
1612219024 607150
1612220438 607177
1612223096 607177
1613178370 607155
1613220815 607156
1613407425 607025
1613416494 607024
1613610281 607037
1614079722 607056
1614160912 607089
1614349699 607097
1614539054 607109
1614633632 607132
1614991144 607127
1615051017 607142
1615071449 607147
1615071574 607147
1615073014 607151
1615165781 607156
1615204144 607157
1615204225 607161
1615205078 607165
1615219918 607177
1615226838 607219
1615286818 607219
1615286875 607252
1615433307 607254
1615470998 607286
1615554436 607282
1615554788 607349
1615720756 607254
1615721097 607274
1615722677 607268
1615977216 607273
1616011112 607278
1616014471 607299
1616063406 607326
1616148865 607313
1616210227 607328
1616246322 607314
1616416679 607314
1616512531 607337
1616525722 607249
1616529070 607247
1616710063 607246
1616854997 607254
1616975842 607283
1616977714 607279
1617303159 607300
1617578078 607670
1617614287 495789
1618590885 607300
1618593084 607304
1618594148 607345
1618620904 607363
1619231633 607454
1624329545 607451
1624470491 607646
1624475247 607650
1625008763 607651
1628429731 607675
1629728289 607684
1629730067 607688
1630055101 607699
1632255065 607670
1633447819 608271
1633992848 608297
1634852500 608321
1634853907 608323
1635379091 608396
1635379916 608393
1635690512 608404
1635763072 608406
1635861964 608410
1635862918 608445
1635863852 608375
1635951025 608395
1635951751 608421
1635952444 608490
1636237035 608490
1636238138 608495
1636323449 608517
1636324421 608583
1636325221 608435
1636325861 608447
1636401148 608454
1637092201 608729
1637410917 608754
1637623086 608579
1637698047 608730
1637698981 608729
1637923418 608736
1638268579 608749
1639846351 608709
1640266718 608712
1640268008 608720
1641154386 608692
1641155567 608696
1641160784 609145
1641161562 609203
1641881003 609227
1642026022 609234
1642210967 609285
1642269764 609295
1642432383 609300
1642639787 609295
1642640014 609295
1642709509 609291
1643553661 609284
1644085662 609299
1644343069 609308
1644352729 609328
1645549278 609301
1645743213 608940
1647097424 609126
1648757786 609114
1649548581 609118
1649596452 609118
1649873776 609119
1649876770 609117
1650039901 609125
1650048911 609128
1650049511 609128
1650111952 609127
1650135915 609134
1650139991 609130
1650145424 609129
1650721044 609138
1650809570 609137
1651420189 609129
1651422113 608990
1651512250 608908
1651596364 608904
1651604430 608904
1651604475 608910
1651693409 608814
1651694865 608509
1651895053 607966
1651937457 608177
1652289561 608156
1652301407 608179
1652365900 608179
1652497822 608197
1652751542 608173
1652801972 608142
1653161161 608151
1653433940 604239
1653767736 604217
1653768596 604220
1653931652 604319
1654358677 604702
1654386315 604225
1654387492 603800
1654453279 603871
1654460823 603872
1654467321 603880
1654621338 603992
1654790185 603992
1654917400 604015
1654923549 604015
1654937148 604013
1655090474 604015
1655091056 604015
1655136335 604319
1655233256 604585
1655238597 604585
1655264260 604632
1655421830 604585
1655424121 604610
1655434242 604610
1655439003 604286
1655611103 604616
1655629121 604297
1655648220 604610
1655648617 604613
1655803225 604670
1655803748 604677
1655956513 604679
1655958602 604677
1655958664 604677
1656080563 604249
1656081823 604258
1656275224 604279
1656276409 604283
1656276508 604284
1656504097 604297
1656636213 604347
1656679338 603419
1656682727 603414
1656682862 603419
1656712065 603420
1656877824 603429
1656956187 603429
1657386879 603440
1657405303 603468
1657931248 603471
1657975963 603479
1657976982 603479
1658150488 603414
1658417282 603427
1658424721 603419
1658427063 603393
1658606581 603398
1658613484 603398
1659746048 603410
1660082758 603414
1660349720 603395
1660675195 604029
1660996127 604047
1661293177 604702
1663764655 604085
1664186836 604086
1666981026 605612
1667782173 604086
1667782546 604086
1672258552 604702
1672343889 604088
1675970742 604084
1675972631 604076
1675979181 604081
1675984335 604054
1676121720 604017
1676238987 604017
1676489366 604021
1676928619 604031
1677001684 604032
1677334702 604122
1677336117 604123
1677337128 604129
1677375698 604133
1677377078 604133
1677413211 604137
1678114217 604146
1680217149 604145
1680217591 604286
1681587518 604311
1681588797 604284
1681929591 604291
1682189894 604307
1682256442 604305
1682257208 604362
1682260672 604368
1682451814 604374
1682866135 604447
1682866255 604451
1682866884 604480
1683222689 604482
1683224538 604569
1683225985 604639
1683344646 604666
1683348284 604766
1683467592 604779
1683496027 604787
1683965561 604790
1684024893 604879
1684379394 604887
1684419147 604904
1686274653 604386
1686309897 604397
1686312997 604403
1686861586 604410
1686969707 604416
1686971812 604443
1687047985 604456
1687217333 604584
1687576883 604584
1687577380 604598
1687577834 604608
1687578511 604618
1687597356 604618
1687663721 604623
1687811712 604623
1687811787 604724
1687813836 604645
1687869897 604696
1687887377 604718
1687887664 604723
1688196087 604724
1688315623 605602
1688334561 605605
1688760199 605612
1688839723 605615
1688908524 605700
1688945888 605522
1689106378 605546
1689122068 605463
1689123222 605466
1689340511 605465
1689341450 605489
1689458204 605684
1689504585 605707
1689543331 605713
1689598627 605778
1689604200 605778
1689604999 605791
1689605515 605797
1689861381 605851
1690111817 605848
1690112091 605848
1690112177 605862
1691845419 605745
1693570859 605793
1693842683 605795
1694130819 605800
1694862638 605810
1695065475 605830
1695312603 605840
1695460965 605836
1695461303 605841
1695648553 605841
1695734212 605851
1696639797 605850
1696642506 605852
1696772746 605852
1696862825 605857
1696982291 605864
1697327152 605875
1697409334 605892
1697413916 605893
1697456610 605898
1697457186 605904
1697624645 605904
1697713888 605905
1697760951 605916
1697891341 605915
1697892271 605924
1697893491 605807
1698326762 605924
1698434323 605788
1698540042 605809
1698580778 605813
1698582052 605791
1698666007 605796
1699058552 605796
1699146031 605814
1699188036 605818
1699400934 605823
1699688420 605826
1699752167 605842
1699893799 605962
1699955766 605922
1699961026 605925
1699970749 605893
1699974433 605898
1700006861 605897
1700007952 605886
1700096659 605888
1700223874 605893
1700309318 605840
1700314168 605849
1700567730 605861
1700951212 605870
1700998273 605856
1701001969 605856
1701028758 606176
1701120860 606093
1701212299 606042
1701268218 606076
1701283983 606049
1701359827 606055
1701472405 606055
1701480432 606055
1701481316 606058
1701481731 606047
1701514132 606056
1701560258 606067
1701639203 606176
1701713465 606111
1702045197 606102
1702046428 606085
1702085887 606102
1702212157 606113
1702228261 606176
1702331270 606119
1702554329 606154
1702822178 606373
1702824051 606378
1702869158 605281
1703008048 605285
1703164864 605362
1703205765 605372
1703244803 605378
1703376130 605384
1703792240 605388
1703793477 605345
1703808472 605349
1704142507 605354
1704189698 605366
1704364003 605357
1704366548 605363
1704453350 605363
1704502173 605372
1704504341 605369
1704585165 606092
1704713416 606093
1704725342 606147
1704725724 606147
1704802151 606191
1704816633 606228
1704828371 605733
1704846879 605733
1704991601 605733
1704991680 605718
1705012216 605718
1705284323 605732
1705325195 605735
1705329092 605743
1705399211 605736
1705968548 605724
1706005213 605737
1706006292 605731
1706050707 605996
1706096077 605996
1706403281 605992
1706446844 605989
1706451792 605905
1707091523 605908
1707157486 605908
1707271848 605912
1707272272 605916
1707274759 605833
1707275355 605815
1707305931 605820
1707422219 605824
1707649633 605832
1709343685 605835
1709348779 605843
1709431939 605847
1709506385 605856
1711463337 605864
1711668969 605870
1711669619 605816
1712102798 605821
1712138592 605825
1712201061 605872
1712319562 605876
1712372367 605872
1712527842 605878
1712534792 605881
1712596661 605875
1712596720 605868
1712596824 605871
1712706629 605875
1712721657 605879
1712722268 605885
1712774323 605523
1712780212 605525
1712784075 605523
1712875666 605522
1712917917 605581
1712923696 605606
1712942590 605610
1713112989 605478
1713178615 606182
1713179240 606197
1713297416 606197
1713300855 605759
1713310935 606226
1713314578 606226
1713320957 606221
1713321564 606232
1713322121 606123
1713441223 606138
1713572537 606144
1713578029 606144
1713587673 606153
1713661964 606169
1713777225 606212
1713829681 606317
1713953898 606325
1714002742 606329
1714054589 606358
1714313897 606391
1714322661 606401
1714395781 606016
1714398913 606019
1714443930 605685
1714520125 605689
1714522237 605698
1714563297 605705
1714563475 605724
1714573387 605731
1714581015 605728
1714637871 605723
1714692849 605730
1714836789 605764
1714843051 605771
1714944534 605601
1715030343 605605
1715079407 605614
1715187773 605503
1715208217 605538
1715258629 605544
1715340124 605548
1715554442 605552
1715651033 605559
1715694901 605563
1715718913 605571
1715720456 605558
1715873819 605607
1715887079 605405
1716031624 605394
1716055109 605400
1716133004 605369
1716324439 605378
1716371264 605378
1716564934 605289
1716608045 605279
1716685910 605295
1716687605 605310
1716688682 605309
1716690215 605319
1716771673 605339
1716772671 605344
1717168636 605352
1717182344 605352
1717340771 605369
1717341202 605478
1717409482 605476
1717575837 605476
1717894591 605477
1718116942 605500
1718150299 605517
1718995882 605537
1719080973 605518
1719401435 524374
1719402001 524143
1719403515 492509
1719404942 492541
1719526285 492603
1719526438 492608
1719526568 492568
1719566666 492568
1719624321 492569
1719624384 492569
1719625430 492573
1719667199 492573
1719684453 492613
1719698594 492618
1719790102 492618
1719796013 492632
1719828637 492632
1719829582 492632
1720017899 492636
1720019711 492650
1720105445 492657
1720392705 492822
1720396855 492822
1720397330 492820
1720403260 492849
1720429692 492860
1720435629 492865
1720445324 492615
1720445468 492617
1720556610 492665
1721593889 492669
1721691902 492746
1722031588 493003
1722094019 492746
1723477600 492756
1723766596 492459
1724581599 492459
1724764931 492727
1724836923 492651
1724843690 492656
1724935350 492661
1725669242 492671
1726702351 492675
1727184745 494044
1727567532 492682
1729036072 492672
1729036301 492677
1729036891 492677
1729077801 492677
1729209402 492681
1729330178 492681
1729387344 492682
1729516468 492683
1729516872 492687
1730464354 492927
1731543031 492999
1732805169 494059
1733093067 494065
1733223534 494069
1733421777 495534
1733587157 494075
1733588252 494083
1733594173 494182
1733828876 494179
1733921380 494178
1734695234 494182
1734705071 494184
1734705772 494193
1734706518 494102
1734726193 494107
1734727300 494114
1734727679 494016
1734860350 494015
1734912883 494019
1735085870 494019
1735101000 494019
1736119145 494035
1736376138 494039
1736388558 494040
1736388696 494070
1736494349 494075
1736560801 494079
1736597937 494160
1736765182 494166
1736942683 494176
1738051277 494182
1738070781 494182
1738096679 494192
1738615028 494205
1738615250 494181
1738622431 494185
1738622472 494185
1738622544 494197
1738622579 494197
1738622613 494187
1738622636 494199
1738622670 494199
1738622750 494211
1738622817 494207
1738622865 494205
1738661032 494230
1738665444 494230
1738757829 494230
1738936617 494230
1739018293 494240
1739365255 494240
1739382495 494191
1739391862 494185
1740822244 494186
1740826689 494186
1740827458 494198
1740994067 494240
1741266776 494236
1741829118 494257
1741829208 494258
1742148915 494262
1742157131 494262
1742252916 494267
1742294519 494285
1742321579 494309
1742548862 494319
1743715541 494314
1743784838 494318
1743971084 494319
1743979155 494323
1744572626 494227
1744671886 494327
1745085302 494329
1745087263 494362
1745262276 494400
1745345867 494403
1745368517 494403
1745452641 494377
1745956885 494381
1746040483 494371
1746376206 494173
1746407487 494162
1746409311 494146
1746574492 494151
1746575465 494160
1746981295 494168
1746998891 494136
1747158988 494108
1747356553 494116
1747357235 494124
1747414628 494149
1747415395 494156
1747440557 494162
1747449349 494188
1747480381 494208
1747571920 494162
1747619841 494168
1747620350 494173
1747695048 494175
1747695496 494187
1747695943 494190
1747768422 493836
1747769516 493826
1747842726 493861
1748048126 493866
1748092864 493873
1748211251 493842
1748343921 493844
1748469650 493854
1748690906 493865
1748728262 493875
1748741604 493885
1748857517 493885
1748870363 493893
1748969179 493916
1748972358 493916
1748976915 493944
1748980167 493953
1748996837 493937
1749000671 493937
1749025741 493950
1749054583 493930
1749090154 493934
1749175323 493938
1749180694 493942
1749220414 493920
1749245295 493884
1749317615 493858
1749321953 493763
1749390849 493763
1749648797 493760
1749917513 493794
1750006007 493884
1750032474 493976
1750081074 493970
1750081109 493970
1750185969 493929
1750187691 493896
1750329500 493901
1750434283 493843
1750509095 493848
1750586627 493852
1750694525 493824
1750696410 493825
1750710748 493977
1750806822 494026
1751033358 494032
1751224144 493932
1751224287 493932
1751357910 493931
1751722035 493939
1751914786 493875
1751930565 493659
1753125814 493790
1753137374 493794
1753284649 493794
1753578880 493798
1753638210 493802
1753758781 493802
1753827635 493802
1754514962 493820
1754516074 493806
1754516880 493818
1759722293 493827
1759734260 493827
1759750987 493877
1759885420 493888
1759891805 493889
1759917197 493937
1759967093 493926
1759969674 493926
1759969710 493930
1761217455 493936
1762695431 493943
1766493913 493943
1766966953 493939
1767414232 493962
1767430581 494197
1767539833 494241
1767560035 494569
1767609557 494569
1767609933 494574
1767610330 495506
1767632609 495512
1768347532 495511
1768348745 495515
1768485224 495545
1768513820 495551
1768515838 495555
1768787708 495267
1768842809 495240
1768999636 495283
1769685211 495290
1770131157 495312
1770201688 495315
1771005362 495327
1771241759 495330
1771298989 495439
1771466133 495462
1771466605 495465
1771501952 495476
1771528661 495511
1771538055 495489
1771538811 495494
1771623994 495483
1771724727 495485
1771773930 495491
1771774679 495444
1771800568 495447
1771844743 495451
1771959042 495487
1772023724 495487
1772028062 495487
1772054560 495491
1772064434 495507
1772105447 495505
1772188879 495504
1772240793 495511
1772257688 495511
1772341639 495511
1772470192 495548
1772470234 495548
1772504401 495548
1772541750 495548
1772665870 495534
1772740317 495793
1772757454 495790
1772757831 495737
1772758703 495742
1772801839 496007
1772805342 496572
1772893987 496584
1772924226 496591
1773064331 496724
1773177140 496714
1773260959 496529
1773264298 496524
1773400144 496528
1773410852 496472
1773652749 496473
1773669284 496481
1773826918 496481
1773828101 496481
1773896272 496488
1773958069 496410
1773960564 496639
1773971978 496710
1774096180 496715
1774097705 496715
1774107873 496719
1774110966 496702
1774185001 496641
1774205723 496641
1774240560 496643
1774284366 496559
1774285791 496529
1774367554 496489
1774381034 496508
1774384443 496448
1774449769 495371
1774462033 495391
1774675585 495312
1774796376 495320
1774932008 495330
1774932409 495229
1775082962 495342
1775083669 495361
1775102919 495366
1775302343 495345
1775992707 495345
1776110218 495352
1776130366 495373
1776158743 495385
1776168484 495414
1776206442 495436
1776398190 495441
1776400126 495434
1776401505 495438
1776495444 495437
1776574137 495447
1776575247 495447
1776600956 495451
1776600978 495451
1776638678 495455
1776682688 495494
1776724012 495508
1776724504 495516
1776762207 495524
1776772588 495595
1776773157 495596
1776776109 495647
1776777411 495648
1776818588 495645
1776899806 495650
1776902988 495619
1776912735 495625
1776948958 495625
1776992419 495631
1777044121 495636
